gene_id	n_10	n_11	n_12	n_13	n_1	n_20	n_21	n_22	n_23	n_24	n_25	n_26	n_27	n_29	n_2	n_30	n_3	n_5	n_9
LOC101061097	9.17697513707343	9.18588705931995	9.06938610559502	9.13209146199769	9.24521443533918	9.05716241013815	9.04518323723263	9.01096526774954	8.9586960300008	9.00436382651322	9.04962836377994	9.08159968651092	9.10748588645425	8.97185225262558	9.12798274803742	9.08598620596351	9.13827745257748	9.34566085108872	9.1531687740016
LOC101061262	9.39020409663672	9.68151534048785	9.71077547414226	9.49537269356677	9.64524018136906	9.56426982608379	9.33917086956496	9.49558399759145	9.2480587143647	9.50981070872674	9.07377119062888	9.39424921663679	9.25558906213691	8.98382573702164	9.57353856574877	9.11754968913561	9.79795608365635	9.54081220274761	9.80666905913331
LOC101061569	9.04173499944845	9.17651314946673	9.11465858197065	8.90603806603278	9.26646801641988	9.16137583909394	9.13032240346078	9.16483634285475	8.949103103009	9.14953274449658	8.93679624370481	9.11452019741168	9.06602484794048	8.85416671404658	9.31551022821301	8.82468293998277	9.25184126135335	9.25422418972292	9.11804254179544
LOC101061888	9.29315535432569	9.22574475922527	9.06071610047589	8.83906787549033	9.30342416158863	8.77629471321486	9.04884637304715	8.79012287854925	8.9586960300008	8.94774784512737	8.86627198986845	8.90280340921943	8.99262841708978	8.90597934577985	9.09502777750408	9.14131265076611	9.28524966917919	9.3740089935715	8.89627812369959
LOC101063282	9.01600314980243	9.04801532947683	9.09222237501943	9.1812872702995	9.05588491947621	8.98356890530198	9.27625677841855	9.28002720017462	9.23078841194931	9.2725455807132	9.63945854767788	9.65734921358002	9.46252795412137	9.51933900277542	9.07144465761429	9.01523082692467	9.22990634388867	9.05552899666991	9.14073319841174
LOC101063331	9.64358265837119	9.72800314438857	9.71609916703473	9.66041256623695	9.54255312196114	9.59985290621445	9.78785526058613	9.72892898339818	9.69430133414828	9.66193216138669	9.4711467700954	9.53219028366489	9.59044635781656	9.50074653505684	9.53103097692895	9.40290553995273	9.58752306666559	9.67999727982693	9.70406386139498
LOC101063469	8.20452980609334	8.04004499133891	8.28018739367656	8.15382274133748	8.13015315657333	8.24890201354221	8.37679056857594	8.23232852760409	8.21312015750034	8.24136831498781	8.35967961454858	8.36724213123629	8.40694479663917	8.29225084089895	8.11526879556733	8.25607952266169	8.1781346338708	8.06736072339949	8.2743654816471
LOC101063749	10.3967353147531	10.4130004762171	10.1096074830073	10.3226180282105	10.4751264116284	10.299810232233	10.0563117346948	10.2150420594932	10.2287931142881	10.1299000468087	10.3292484979271	10.2485937881321	10.2378265869243	10.0215426712137	10.5731903484538	10.2311199503754	10.5119018649713	10.4659368484005	10.310449689963
LOC101064926	8.3804482851648	8.46346745929431	8.33039340179899	8.25689781454234	8.40415478618316	8.19926341264829	8.30266263683117	8.31691138033619	8.21776421851176	8.41805381703911	8.11861221258066	8.22704892720032	8.13517381562977	8.29225084089895	8.52370998077039	8.21467108744702	8.53590018948808	8.41430500475235	8.48805072346868
LOC101065116	9.29943383021143	9.36051592201278	9.31042054029877	9.3355339650719	9.42104563410732	9.3198273078023	9.2975629997721	9.17706796650812	9.34363224014613	9.30706093225809	9.26990389026131	9.27912225139055	9.27779979660256	9.25801660845936	9.49209110133556	9.22120731351254	9.38068439540572	9.60531038507988	9.36939129110832
LOC101067063	8.62446780486337	8.81646014574509	8.82188052405148	8.72054022990936	8.61711450389382	8.88125026919177	8.66120867026724	8.88571067492911	8.76787796597603	8.99819771517509	8.81269299988436	8.81517835122299	8.88133054579439	8.621251683061	8.61144571900535	8.96756283057258	8.40714597332637	8.6071762295865	8.83088300094047
LOC101067156	7.80427345057487	8.0659672923591	8.01064250818041	8.0377627079566	8.03667485717399	8.17634716914268	8.04805380918429	8.18712285462984	8.12536462441143	8.06240954067067	8.40284771646365	8.41913510770239	8.33042959656786	8.45372853252676	7.90679204533864	8.538047787257	8.00990603570289	8.00635602363316	7.98628166662969
LOC101067344	8.93826327421066	9.03757509163072	9.00438776181591	8.96708571127292	8.94955075241899	9.11918608227009	9.07777812001053	9.05990324399343	8.99402883369866	9.19272599602094	9.09410772488436	9.26761614752571	9.28329435218124	9.11215196793219	8.92373610538213	9.16464605249275	8.98729339523206	9.02227201828086	9.06348413603545
LOC101067410	9.82780035116562	9.71966716942597	9.75796171586257	9.70370825852586	9.85451636002664	9.55159200254842	9.61097090812157	9.61987113127759	9.69703343451642	9.59685078762269	9.51339352148852	9.56342028386762	9.57730486114488	9.55833914101715	9.63934218549733	9.46511233818744	9.81398681310327	9.69113371602665	9.69584445016641
LOC101067844	10.4210045682122	10.6054875635005	10.4628369472273	10.4296441173718	10.3720433409483	10.6961091365709	10.8723571226589	10.6526684676604	10.6107614409598	10.9042429152072	10.8336822666479	10.8992534782093	10.8443853612394	10.9131666988225	10.3484110414387	10.5657688003821	10.4716020349303	10.4680588884535	10.7998361497649
LOC101068092	7.56240841811824	7.69127764586379	7.62747579797891	7.51552121380261	7.55712904262048	7.58866934479001	7.76431539232308	7.56396013082416	7.61052154886214	7.67069041838148	7.8558191446136	7.74149017803483	7.71517056172318	7.71857204736492	7.50691463246134	7.69014426268629	7.51575176564574	7.43619538849379	7.64093784292414
LOC101068221	8.51516130205689	8.46912812415948	8.41901397363859	8.32872743734314	8.63673163665303	8.36549335957582	8.38971556746218	8.48073671052161	8.38374624716478	8.37135297906612	8.43263447464949	8.36724213123629	8.46224327835372	8.42207458838005	8.4630153684668	8.37988739980937	8.59505266877875	8.69049401789569	8.393720765595
LOC101068247	9.07194046831103	9.08894079912554	9.23407917831146	9.08773141197281	9.30569987876011	9.03579936664442	9.00417425233537	9.05187679915567	9.09231248213214	9.05559626864835	8.98535081069922	9.0177791854103	9.10748588645425	9.01907727003208	9.12472500333271	8.8032808871012	9.20509466191887	9.31669376683624	9.13572523935741
LOC101069735	8.53866573114538	8.5918934091217	8.53278571983153	8.61235102429653	8.36503090772794	8.46593462364174	8.30962837888132	8.50221939086327	8.48483238405222	8.55607985043186	8.42674342727886	8.27748596734559	8.42940828063379	8.40262142726628	8.34936455959531	8.35721460627987	8.50063710513999	8.43973004450333	8.61398270847196
LOC101070310	9.52899461868019	9.51482453634268	9.62075659080278	9.56790161867434	9.59486588285071	9.95794873421314	9.67630858850778	9.83145670946996	9.80461353281038	9.73473139347976	9.68549566558109	9.64432074568948	9.79268239157171	9.63797241280403	9.55716592109128	9.89976223913902	9.51213857720819	9.44456798110215	9.69088903498132
LOC101071669	8.80706970313704	8.86957020624772	8.8358528786246	8.85275787759193	8.85937877158976	9.07556542494581	8.96960068574933	9.05990324399343	8.78451418178224	8.88166964024703	9.20364694601191	9.26182510511886	9.06602484794048	9.17179235149822	8.71583885179897	8.93751423035429	8.75976037215909	8.81261887675655	8.84044203238722
LOC101071892	7.49131039619692	7.6769001378007	7.66635871605908	7.44258546986902	7.51118614969292	7.61434562130536	7.85187150894147	7.84432759574817	7.58902412385403	7.80602452061524	7.8558191446136	7.83765704636564	7.71517056172318	7.97478336426988	7.41627747944399	7.60022861069724	7.54718724476306	7.56173119549882	7.57720857078643
LOC101072057	8.59903442189963	8.54017229070166	8.69605956126768	8.58875950425457	8.894361282586	8.63157565848788	8.59925779010793	8.71487007672983	8.60013173767977	8.59564175248859	8.580735799281	8.40343858364883	8.51485379365403	8.47228389606862	8.56066827270146	8.28109858096514	8.83928025056363	8.73777161905615	8.68840473250092
LOC101072059	9.8967214177656	9.96246604630896	10.0314317396467	10.0354954543447	10.168263415891	10.0266363069138	10.0820484055333	10.0383158830182	9.97759913375186	9.95993139611459	9.94237964425679	10.0839544724646	9.93038929629609	9.89311301085912	10.199740844499	9.90244074545893	10.1418354823448	10.082844693846	9.99152175955289
LOC101072081	7.9461870497904	7.75849195451023	7.23355208297053	7.21434260421062	7.92357364793913	7.26342778654672	7.1964276783102	7.37384441922646	7.32375252384737	7.05621479064765	7.36174867742498	7.30359276868282	7.28622951524674	7.19861552920478	7.875134986168	7.34153770522249	7.4450603129033	7.78899834735948	7.72988834309977
LOC101072579	8.32040782088859	8.25721815889803	8.09811809334829	8.08936830657361	8.37000221485611	8.17634716914268	8.28858479569668	8.10235240246874	8.21776421851176	8.09830504484457	7.98834877374941	8.09599756300983	8.20705278633057	8.08136304780051	8.39871528438698	8.13757566056606	8.346832088865	8.58536747256629	8.07561853606474
LOC101073528	8.77272958483234	9.19209897073687	8.95176383013364	9.23272852895418	8.78967440614706	9.24184944480284	9.34791924595772	9.17218915339767	9.16948915064587	9.34779511884379	9.14681386693352	9.36056834946484	9.29964184441678	9.35094157407993	9.00155204010176	9.31723617131386	9.0509809544212	8.89672696126752	9.11804254179544
LOC101073585	9.16314594843315	9.20136157090417	9.37121176733631	9.23272852895418	8.83986784367712	9.48061556762295	9.70338193276815	9.77648011586491	9.12625492914129	9.60467073805173	9.46861989829279	9.8985402248211	9.40375291163858	9.76924945123978	9.17274846534465	9.67142708021079	9.13299190662866	9.09663735812868	9.32455864457639
LOC101074055	8.3804482851648	8.61193774460235	8.52827364885176	8.56466703778395	8.47832787343982	8.84097854767777	8.98123123201983	8.65696393938923	8.56411247751329	9.12178568014111	9.02146314943198	9.05917239339835	8.87756844334574	8.67883103745883	8.62624769743975	8.96756283057258	8.52280776659355	8.51259985693076	8.74813917780436
LOC101074060	9.26345346815734	9.20750023620672	9.28139225474859	9.10343235207777	9.37653154637885	8.86282776767037	9.0267072974636	8.93084834938186	9.1634006269058	8.87486316626107	9.2845066636509	8.92816930967327	8.95426349455998	8.89322925200327	9.73968274569202	8.92361249645331	9.37629218503476	9.03749695732315	9.23935167439106
LOC101075850	8.43296477726532	8.35608504008179	8.44372103637905	8.45122093359734	8.34490363411033	8.68661301116009	8.64092647553921	8.61155690551554	8.55408619370229	8.5470963104765	8.46161427001714	8.56131141184675	8.46761993311891	8.68392667929585	8.34936455959531	8.47012990192694	8.51840907768314	8.27106919657522	8.59460016171241
LOC101077219	8.95747440013992	8.93572621493545	8.89351400139306	9.00377994958646	8.9908478330997	8.95805046175563	8.84688829260883	9.03022178412334	8.94185969880287	9.09055648977192	9.13383821763111	9.20650419569342	9.08532778848767	9.20896962371753	8.82008402916453	8.98365378817693	8.79498029471228	8.93999323906203	8.93508669324216
LOC101077437	8.28655332387116	8.56114685567965	8.40896854147313	8.4039204254775	8.23779925799576	8.66125328562394	8.80754865321533	8.56023997401819	8.43360986562948	8.80823832661764	8.98535081069922	8.94066046987319	8.70799485789414	8.68392667929585	8.4630153684668	8.6451730546235	8.49614893735901	8.44474335418272	8.7239073174425
LOC101077601	10.2000657521604	10.4519124190295	10.7029866540641	10.4177658152705	9.86057072140348	10.7065018527235	10.7420249512834	10.5523582972373	10.1688719586946	10.8745815795742	10.7763595201604	10.4942827254752	10.1210362379262	10.6977247202168	10.162264657841	10.4199289540809	10.2356187555462	10.1104404450406	10.1978720579523
LOC101078561	10.0445649074862	10.1151457431206	10.1464682450273	10.0038357892982	10.2855840099418	9.79887739502953	9.95952376601195	9.91285558385654	9.99531064282768	10.0503242484659	9.9405887347425	9.99093660879771	10.0017347391569	9.94436799112288	10.1848700796553	10.0301872276811	10.1864620499364	10.204240602074	10.0334903271565
LOC101078688	7.45925147797801	7.48624554511869	7.71444397817145	7.54154963653347	7.35476624404001	7.60166571695131	7.61381007316467	7.56396013082416	7.54305658304589	7.57449947909687	7.70720046205391	7.63837753025003	7.56839431075516	7.95384556312673	7.54581912527657	7.85432934304688	7.38184030034908	7.54583367728214	7.64093784292414
LOC101079172	7.7208577670699	7.6470309083021	7.93004101303564	7.67433757246753	8.05065542461089	7.71709060893361	7.82795986527725	7.91111384065155	7.75812444521748	7.6953862737062	7.56577395469121	7.79128142166056	7.6750034675158	7.65628038091406	8.0129922808498	7.66897154497394	7.9949265960703	7.7340229448693	7.76017347265691
LOC101079462	7.58810028503349	7.59897489965007	7.41022389592946	7.51552121380261	7.49476475515608	8.08497071418074	8.10145364265684	7.80847809513264	7.6889124859181	8.16606056421253	7.96935872621322	8.16382898725309	7.79997191265135	7.73319383298259	7.58175110975424	7.64699381636971	7.53173867373389	7.47603163787361	7.67588638160968
LOC101079523	9.71903610218319	9.80869699276843	9.50795586569599	9.81421453272439	9.31250359714964	9.71432568662935	9.83737646922608	9.86692907315109	10.084779427371	10.1245548278044	9.91344448060815	10.0156123421539	10.1120967089551	10.0343023936807	9.50438094102269	9.79683022828235	9.75205233804947	9.58947078191194	9.92050638041554
LOC101079790	7.58810028503349	7.69127764586379	7.65369450709078	7.60101696282053	7.51118614969292	7.77702780795681	7.82795986527725	7.75091976153738	7.83544701404256	7.7853432380761	7.76052402278307	7.87411708134404	7.78850546747894	7.8146149321169	7.6312845518346	7.85432934304688	7.59076221377141	7.64786761592948	7.84355636216358
LOC101080126	8.62086888469389	8.43471043625323	8.43882503366028	8.54359787303416	8.37987420999961	8.30634505659183	8.48194382084203	8.48938040946726	8.41088716441725	8.4027156956148	8.81269299988436	8.77030569678396	8.53521363326965	8.69405185046622	8.45160762341695	8.54961246474122	8.26608406145	8.53124105792818	8.45751710437099
LOC105416362	9.29734432375918	9.37677307827263	9.15839054914631	9.29959446198392	9.40214963416961	8.99752480872385	9.16419707165332	9.08368377314551	9.03964828108467	9.22937787378194	9.00353625921181	8.89250958684817	8.95426349455998	8.88465537449967	9.1214589947912	9.11754968913561	9.36746404909682	9.14205882714106	9.24397665346765
LOC105417022	11.3165429116205	11.5299799300496	11.4290780069471	11.4406949819276	11.3323885756347	11.2145435939785	11.3509174854928	11.2437609299494	11.2661239154397	11.3517132241493	11.1915497888802	11.1026305916148	11.2323502099827	11.2967780224558	11.2247048623707	11.1948193930238	11.4317257951571	11.3329889311483	11.3899569379645
LOC105418832	8.37143503192513	8.41707868170497	8.33582142915104	8.52212364687127	8.23779925799576	8.5538301083435	8.53934803356874	8.49367678542476	8.25413573157686	8.59564175248859	8.48425182873178	8.65956168503874	8.53015856837514	8.71898929444612	8.39871528438698	8.68332555669789	8.40225028154666	8.35611812123554	8.39840687316584
LOC115250699	8.09089061755759	8.10753440834021	8.20285840794145	8.25223156641262	8.2206842349112	8.25426399307593	8.15184043847543	8.12738290845252	8.10989170551857	7.97772518056036	8.02506560837571	8.04582850021537	8.03232017411772	7.8146149321169	8.31727921673576	7.98779757404316	8.14691137880116	8.22255819618644	8.23121032925944
LOC115250832	8.64229535114674	8.58682666123749	8.71541853758351	8.56814045613922	8.75501152357742	8.50025035659932	8.35044938733334	8.4043337309815	8.43360986562948	8.32245833505495	8.15033449877162	8.19839222711401	8.34859471446209	8.18457334853232	8.55023288457257	8.2407571733387	8.82919986581087	8.66200943382785	8.67024206558218
LOC115251571	10.3595324662601	10.342552987141	10.3706030797101	10.4761856192998	10.3741384579997	10.3762220942673	10.3134942205911	10.2465333816935	10.3754642775988	10.3157812767218	10.2191130581259	10.3067004418071	10.2954033231446	10.3293921322127	10.5663584190001	10.2489876665036	10.501201613104	10.4722934617983	10.4439625308633
LOC115253280	7.22119948871153	7.56429014683183	7.5855868941142	7.68407610461616	7.59905782648748	7.05621479064765	7.05621479064765	7.05621479064765	7.05621479064765	7.05621479064765	7.6787037398827	7.628023642237	7.58500880380142	7.77515164681937	7.54581912527657	7.05621479064765	7.2696448198694	7.63444581710947	7.05621479064765
LOC445974	9.29943383021143	9.08894079912554	9.20069286217651	9.0786722304325	9.17428094982903	8.76963120767369	8.94997309180108	8.9542669213856	9.00097770176621	9.03475075333952	9.10081540778357	9.07043530972188	9.16876975026898	9.2320872422968	9.16644742207237	9.33765816692661	9.31091710431739	9.14762554628306	9.2088839058752
acta2	8.57301988332818	8.65579573438832	8.67637579645768	8.54359787303416	8.47832787343982	8.59724653811757	8.66120867026724	8.51910834334284	8.73389408893857	8.81183742086048	8.74331240185614	8.6114919338245	8.97533519992096	8.69908182297616	8.39871528438698	8.90955328035935	8.60733553147416	8.36694136000763	8.69559154586698
angptl7	7.98135215037194	7.985697615003	7.66635871605908	7.82999155381897	7.49476475515608	7.96842430372985	8.12699596164894	8.0015730920349	7.9872205228996	8.15290415678665	8.37219643514422	8.29958856282009	8.08918465940347	8.16815580379156	7.78327193935365	7.78630116679505	7.75779427829817	7.89641122383304	7.65282793912776
arid2	9.37648532238226	9.21969153996275	9.30802575826306	9.32428978697127	9.41895921934797	9.16624999360132	9.2975629997721	9.17706796650812	9.27821093815891	9.23453086229532	9.31039062870121	9.26182510511886	9.28054994124335	9.29597525363735	9.41327938285017	9.39516492719586	9.37409063488066	9.4154309096729	9.30487027607405
b3gat2	9.920717498892	9.9589541335375	9.93810148468277	9.993505007879	10.0335887292181	10.3932075709522	10.085444474924	10.0889916147232	10.1433778986657	10.1925035632099	10.0996186426169	10.0354820383448	10.1431388707368	10.1153743622793	10.0500256714602	9.98301320878705	9.95191888494513	9.99514925894365	9.87492972223354
dnajb5	8.5463915126875	8.51338671139665	8.5638696440741	8.46653566952361	8.41845944025758	8.63532734411663	8.71042065236586	8.79343349179512	8.65365357481232	8.69886409229694	8.6931547592101	8.64057365053993	8.65019927421322	8.69405185046622	8.38048110948757	8.3103155406452	8.41201912191402	8.50789006402448	8.62164460419955
dusp5	8.55788105654868	8.47475943731825	8.67637579645768	8.50022510721784	8.86901872332874	8.45278187454645	8.4459982685051	8.65696393938923	8.48483238405222	8.49161574076765	8.49539685118995	8.48705598690444	8.22759336673277	8.3557808361077	8.74276574281819	8.23559583092354	8.66297809539594	8.50316006487225	8.54259626677136
egr1	9.6596489805786	9.75475097549749	9.74588295516868	9.70937898607905	9.57455428618283	9.55159200254842	9.38800026421	9.59163481400729	9.66667625583124	9.54285460306755	9.28740787923634	9.49211018239715	9.50729993921684	9.46826464921679	9.56654590390978	9.44656482014626	9.91388902764007	9.6706471971823	9.78056357264156
eif4ebp3	8.23091136356433	8.31114827152673	8.28018739367656	8.15382274133748	8.27660559606622	8.55784687979579	8.69587299667632	8.48938040946726	8.24516941698161	8.6586727612788	8.50092716742866	8.77030569678396	8.53521363326965	8.52613071124803	8.3865944306622	8.53027084391537	8.23764692911272	8.24711442805219	8.36997100133025
epha4	9.88456597359187	10.0208529303457	10.1056000197101	10.03213748012	10.0534516461741	10.1593427344636	10.135421676708	10.1234038246132	10.1284563470597	10.1405297615952	10.0391646742203	10.0711918466493	10.0494333851237	10.0451472943198	9.80991362843606	10.0781807669201	9.93741486320727	9.90315176388023	10.0552834930989
etf1	9.14447423325215	9.21665437607305	9.1503028668735	9.10788325024124	9.03364017811723	9.33915556192578	9.21662036668626	9.26872674452262	9.14908172240893	9.2725455807132	9.19123059921878	9.12100418085524	9.11062031081592	9.23861786193844	9.02292744644379	9.22341947188917	9.10623377603643	9.07624854568876	9.17038014457993
flt1	8.73737604470375	8.92430566286001	8.73446496966289	8.77982136191058	8.74795669213047	9.07556542494581	9.15412756475892	8.94845339769335	9.02386799319467	8.9920012715697	9.13057380907621	8.9774006155588	8.90734838482542	8.97984725563218	8.58125311286563	8.7688625115507	8.8224328624441	8.75692674076133	9.10526156282378
fosb	8.35317074808981	8.36234714510494	8.4582768187515	8.46653566952361	8.71931083148669	8.25426399307593	8.50526525794501	8.53986372516314	8.23156362950438	8.33352667481769	7.99768114329093	8.23641487164377	8.28033905826307	8.15144446410725	8.19240512922793	7.94579631800605	8.48711713313133	8.4547004434155	8.52609744651115
foxo3	10.2521246361004	10.6275391005454	10.6096775703415	10.5953171476391	10.4623980669372	11.0294568824824	10.8596502605557	10.6962469642295	10.6929410725066	10.7976152541295	10.886957911711	10.9016335147811	10.7935741915123	10.6736991366828	10.4323936283653	10.6880946070883	10.3649952476861	10.4520655946644	10.5826961708902
greb1l	8.57301988332818	8.48593547056632	8.42400131314726	8.26154202699928	8.23779925799576	8.83466336208005	9.10606918871921	8.87648161669283	8.3758611229862	8.91844790119749	9.12730111045625	9.15083862960471	8.65927963751461	8.90597934577985	8.60646887654662	8.61299298712388	8.30457187611809	8.53124105792818	8.43967479671968
hic1	9.00556204276209	8.84126032344329	9.0284107966617	8.87968660262291	8.87540350841795	8.85973025945026	8.96569972944287	8.91598460498966	9.19951057644665	9.058546496208	9.49863365541863	9.47902880872035	9.41621231632312	9.29908963747653	8.84886421714165	9.01262939964093	8.73811937795943	8.90684645803488	8.93508669324216
hlf	10.4061189585945	10.5101310403109	10.4854976175324	10.5771586828724	10.3751848535158	10.7673149463687	10.6173075499549	10.5577240927048	10.6043487234433	10.6696776867909	10.6003676959588	10.669051751193	10.6620690045339	10.7313588836365	10.4374025535867	10.7764640792723	10.3767711238253	10.4217196010179	10.6401640981616
itga8	8.84046093797301	8.87356156338902	9.0284107966617	8.98678921419696	8.51359458634853	9.1014039982801	9.42964779645	8.98859202611704	8.83572990975102	9.2242044962889	9.0565731331733	9.27912225139055	8.86621249033826	9.1475671988618	8.87300399211578	9.07859055226989	8.81221103262744	8.69850660419145	9.05549639762274
jund	8.95747440013992	9.08221034703185	8.83237482015187	8.80839626523171	9.14375791809202	8.74601201704487	8.79414630804286	8.80002755273783	8.86442323793906	8.75668775164939	8.60109450504424	8.63096128134336	8.57485203002918	8.68900020915019	8.8848980056424	8.49054512241408	9.07336966387917	9.02533168091576	8.79846449136205
kdm3b	9.76860289376305	9.74862442682502	9.76993537631744	9.84660685687301	9.83311503941577	9.80191141172941	9.86148724455459	9.81640374934559	9.83827436222973	9.92947540803167	9.92979456701713	9.96811872806342	9.97561265697433	10.0141987043127	9.81771690864366	9.91177502450982	9.78824747808069	9.81648372861339	9.84861868862037
kdr	9.12791208863138	9.15755962028081	9.12848483015262	9.15371118063479	8.9908478330997	9.18076345631283	9.31257370448936	9.24120224124582	9.29671099579569	9.34779511884379	9.24918351510991	9.16758255910391	9.13542444054189	9.24835311953847	8.90446959264217	9.23880063887911	9.07614081719959	8.88993424233909	9.42892085508652
mct4b	8.26165048567283	8.20015643505852	8.36780142263117	8.19936792920582	8.25461844807309	8.29614388394959	8.51101909868954	8.49795639336137	8.24966283319474	8.39236522038704	8.64561687204931	8.68747421621283	8.56507283146485	8.52613071124803	8.38048110948757	8.50660750529457	8.22603597410483	8.32855244058466	8.23121032925944
mta3	9.79635198806784	9.78098868241619	9.74414872545276	9.74567841487344	9.85147922094292	9.82296484403479	9.93140072390009	9.71107293831187	9.78683123326657	9.71689074260411	9.58021951942745	9.73981774838382	9.67085398817941	9.70633170041692	9.84849672544801	9.65230898448328	9.82825706108047	9.8823901026822	9.79444564959569
nab1	8.86124265986094	8.82892350776718	8.80061532150819	8.80839626523171	8.75148932923333	8.69019128097231	8.65617131941428	8.77678852127225	8.68401685106381	8.65046525802336	8.66962844540853	8.66269632775248	8.61784354943677	8.56627423755751	8.72488270208143	8.47424365018345	8.66685190913952	8.88310386878546	8.85620903604203
nab2	8.26165048567283	8.11562005541379	8.15848620820571	8.13284192480426	8.27115446147242	8.01142218550605	8.00087757862826	8.16368593004402	8.04515755667782	8.01727744938334	7.83318926435215	8.0225612739878	8.12010308304193	7.88746481267352	8.19240512922793	7.83792841010088	8.16577066553044	8.27106919657522	8.19180767139042
nck2	8.29146000917601	8.31114827152673	8.36780142263117	8.43568552300837	8.23779925799576	8.45278187454645	8.48194382084203	8.48938040946726	8.50255700632797	8.42311767693635	8.34700968844354	8.47971620772462	8.30569517669178	8.4844803916834	8.27738592842028	8.47834190640585	8.26608406145	8.2163205671615	8.46193195983377
nefl	10.4403073987198	10.6535574781201	10.3683849158493	10.3162242371136	10.5145372314293	9.99007167604597	10.1994039044286	10.2263700056367	10.1795201267329	10.3355111266471	9.87452831915244	9.82401207135864	10.1328676344695	9.95401167190143	10.2591190906399	10.3192699269416	10.6011039045115	10.5584186226269	10.4117470604835
nefm	11.8327472802967	12.0456181042721	11.7895300021838	11.815599301822	11.9912104114538	11.7072922878792	11.8304011793123	11.6216748341438	11.634693066323	11.6770610482899	11.3957925992964	11.461754014314	11.5483160901674	11.5605366630323	11.7022159815978	11.732273631904	11.9941961037188	11.8400311506739	11.7584221678192
nipal2	8.12064858991554	8.27778541085491	8.38342906908683	8.31124535128369	8.12379178796519	8.51701383860259	8.41509876024701	8.33698833763593	8.35990963656421	8.50105816576449	8.62109580299313	8.60163163308721	8.41823585429345	8.51439028251106	8.42842298074515	8.54961246474122	8.14691137880116	8.30022133824393	8.47941387346795
npas4	8.92993837201787	9.10892254892742	9.1849905309504	8.83906787549033	9.10190407540103	8.63532734411663	8.64603045121783	8.73239577513232	8.5574382442293	8.71456232156175	8.29470012191456	8.60821462021951	8.45683979853528	8.27757366895217	8.79910056367903	8.25607952266169	9.06222447874103	9.01304836912422	9.15564159626322
p4ha1	8.22044534361711	8.19277958748706	8.35193529329078	8.29793280429029	8.24904412136297	8.50446518925419	8.59394077360664	8.47638905956533	8.43360986562948	8.59131366297587	8.80847199964078	8.80411581109604	8.58454727720272	8.75304075427114	8.27738592842028	8.74966374253411	8.17197306140991	8.16489260445298	8.32077408083099
pcdh17	9.13266587434894	9.33297059883018	9.15570026977699	9.26855151736662	9.1991792955696	9.41779930001384	9.60857851865928	9.40245652100519	9.38379927816285	9.42569904844457	9.36068664721079	9.40991111567373	9.35791006553765	9.35094157407993	9.12798274803742	9.11754968913561	9.18235293901789	9.16692247041962	9.35461468467471
phactr4	10.1605518191041	10.3141795123923	10.2861187300015	10.3603845766114	10.2333600912673	10.5131237508681	10.4190474041734	10.4278882115698	10.3804906557875	10.6262228140135	10.3955807540146	10.3703044279625	10.2954033231446	10.4136087561156	10.218840690379	10.2258212943158	10.3323714058474	10.2067942605749	10.404818204244
prex2	8.58424216085016	8.62674359827696	8.43882503366028	8.57160320016998	8.57273296613052	8.82193374745207	9.04150950927848	8.65324752323959	8.78726460601596	9.01660636706185	8.87830968537173	8.88473243172859	8.83929829277252	8.81381430136465	8.35566302222539	8.73669053073122	8.55738498464968	8.4547004434155	8.44416317713733
ptprb	10.8696124354977	10.811993323588	10.9205188883324	10.8500267405256	10.7895099113248	10.9658014526005	10.9746743903771	10.941865801532	11.1309661900514	11.1789238818461	11.0555191165799	10.9518683648686	11.0304988621079	10.959239081618	10.6580712225778	10.9110444520469	10.801939626935	10.7671536446023	10.9783329450912
ptprc	9.30983203162724	9.34681473198319	9.23914065372198	9.39573039369125	9.42520872847726	9.44957499965871	9.98344575518851	9.59341685766915	9.55628338491182	9.89991069796995	9.85560571000056	9.85929158009365	9.83161791323081	9.69246580892531	9.36257592770098	9.72418858373656	9.42382897792425	9.43567004923795	9.73164709232479
rbpms2	8.53478268396943	8.52953545130761	8.50080832567947	8.48538013555764	8.37987420999961	8.65390494482798	8.69098345284273	8.59209337216941	8.59042129309977	8.86113592830624	8.57041759091185	8.59832582942932	8.46224327835372	8.65301305666103	8.36192334678901	8.56484858800795	8.46420523090746	8.52195964931602	8.73435306359227
rtn4rl2	8.68399337541457	8.5918934091217	8.74574762060493	8.49282775094641	8.65218832587903	8.41232944932526	8.51674310142882	8.64951914630933	8.56411247751329	8.46278889448182	8.20336479677532	8.27300606111659	8.37232764625812	8.24755113399596	8.32377743113818	8.03422999785009	8.58678979317677	8.59414122269841	8.61782006157083
sc5d	8.42868629168615	8.42886548822467	8.5812531732894	8.58192816204705	8.56861078213414	8.76628549915876	8.77147205227483	8.62689252530983	8.81442901796977	8.77905237371879	8.70704700565467	8.59168527097442	8.75477377323356	8.71404387110784	8.5914066611244	8.66613856411958	8.5700810159954	8.69450715383313	8.57885273967375
sema5b	9.59923385608768	9.63561755507082	9.67291915969491	9.72205305876044	9.41477660037016	9.62421839327687	9.93518348140258	9.67967221457931	9.87353872159826	9.89360550811529	9.76098698040949	9.73301801575732	9.69327295436514	9.86060393135984	9.55481074924737	9.75727829033455	9.57998142387842	9.42221135330622	9.72681956498758
smad7	8.7109870088465	8.78258252093042	8.61104720317164	8.70832013415376	8.75501152357742	8.85973025945026	8.84257954406141	8.88571067492911	8.84885597788479	8.93155540830462	8.85411489458579	8.95548638105874	8.92197343165741	8.80005962954944	8.68828304966306	8.95943918566367	8.67071286543253	8.73390327519524	8.77524204322242
soga1	10.0028322942191	10.0191701001936	9.98116762666806	10.1127013429118	10.128953083675	10.0610108683621	10.085444474924	10.0357332357357	10.0960828548028	10.1138028686333	10.1713131353033	10.2362994333055	10.1313941567987	10.193632850402	9.92977558784373	10.2728064598739	9.95047526868432	9.9981135761394	10.0754889872021
susd1	7.50646080285892	7.48624554511869	7.79058300226783	7.69365675130095	7.96305218753471	7.63883830755645	7.55940410276544	7.72011727109984	7.78226121608985	7.80602452061524	7.46552384991642	7.48364611531594	7.61669900659193	7.5671815598688	7.770880981642	7.58786210304755	7.6919332178074	7.9231771254798	7.56345616625767
tle3	8.96290943548119	8.83304969474353	8.75692427264677	8.85275787759193	9.01385068939898	8.65758493394041	8.78059318532824	8.79343349179512	8.85666437693992	8.70280833101328	8.82526844566193	8.67204985961441	8.72521990482136	8.82289799063697	8.97247536622033	8.83674523918589	8.92645549846681	8.97228051699558	8.79187512135702
uros	7.9674698957598	8.16268169751858	8.01064250818041	8.31564416850572	8.22642293347417	8.48322727231969	8.26708887654248	8.37120544113835	8.18477135196089	8.26521990866245	7.92997631557996	7.93556633895127	8.04067637156413	7.80171258276438	8.26372606803217	8.17691469197326	8.27167421081942	8.4936386008632	8.08857614773143
vegfa	8.45410489023811	8.57148899250534	8.60683833747343	8.58534897984929	8.52223756688115	8.73574435786821	8.89744430092408	8.63069462097118	8.8036365019297	8.78273956068739	8.95569490066413	8.87952022995666	8.80779262281417	8.89749393061799	8.40472381097568	8.91237791619959	8.47342794287006	8.47434366889969	8.59850312735717
zbtb16	7.87862022835092	8.03122739632933	7.80077633661114	8.25223156641262	7.88197680086352	8.14689084453897	8.30266263683117	8.03649589249418	8.35184094572678	8.31687872504443	8.23238893763833	8.37132637810184	8.28033905826307	8.4844803916834	7.89638670222955	7.95295086008892	7.86375169083334	7.91435849881356	8.15069435386348
zbtb18	11.4678849988403	11.5971043013175	11.6651571410416	11.566559934579	11.503583420381	11.8012145556854	11.4242540395887	11.7417145427703	11.6475003362644	11.6097061129149	11.5774002074154	11.5045446529573	11.6805781770133	11.5455541832487	11.1478148010851	11.3658535543156	11.3106736864596	11.4161564525557	11.5165843010433
